Year,Sales(In ThousandDollars)
1,2508.9849124394746
2,477.71026417079395
3,1040.214893986254
4,2926.119348661053
5,565.1882101929901
6,1056.0611423168061
7,3697.1585147755272
8,729.345890241678
9,1275.282618337406
10,3874.9553970438947
11,742.634524488784
12,1196.6143479662467
13,4019.7168506625635
14,794.0473343189633
15,1219.8992947420143
16,3446.651065964148
17,730.6766658760755
18,1230.1730982303395
19,3268.0321743372474
20,654.2979506145231
21,1126.7682296297019
22,3514.037289673523
23,707.745809326318
24,1257.6511902934055
25,3567.7267845579718
26,731.1004803153228
27,1085.8993502121136
28,3595.0310081369607
29,727.8162364634791
30,1103.3054914382474
31,3836.2240307070037
32,727.1006077165831
33,1196.9770090457735
34,4899.414376082388
35,1139.974603217075
36,1583.1431595045215
