Year,Sales(In ThousandDollars)
1,2798.3760000017487
2,714.3166305647993
3,950.7779784211222
4,2868.155214893041
5,679.0115368865365
6,1103.5907491552064
7,3491.564235404724
8,695.9276564814039
9,1229.591031837836
10,3755.7149253861203
11,743.6213611776873
12,1080.8379054642062
13,3660.0073980832967
14,746.812076443412
15,1107.5293475649432
16,3282.794457296828
17,702.8638860981042
18,1068.8200300798812
19,3069.9518364793416
20,646.2302158724075
21,995.6160984347424
22,3263.984224372293
23,636.0584290041329
24,1032.5925493936686
25,3147.7796546194554
26,652.6135202191305
27,1014.5545219543012
28,3219.3694436200503
29,702.406694328937
30,1006.5219895883257
31,3528.273248199174
32,678.6532651503159
33,1132.400929743297
34,4727.050355008702
35,1135.259466049724
36,1573.6950134635465
