Year,Sales(In ThousandDollars)
1,2593.314262740698
2,582.0415546058655
3,1098.2561206224366
4,2798.2662763465337
5,580.9856458635794
6,1073.3373260681847
7,3710.841942187679
8,682.5033933315158
9,1286.3675564344521
10,3856.5939339607694
11,727.8715931302844
12,1187.5267500295688
13,3969.7239362761525
14,759.7244748886267
15,1208.353129572924
16,3368.44518492382
17,718.3252954737513
18,1220.3940695079903
19,3217.2245371131544
20,646.6375518602779
21,1154.010733432306
22,3537.7825382326255
23,660.8778720451738
24,1182.254177394614
25,3471.8228121508
26,715.1995238978247
27,1097.695010385969
28,3579.923747119679
29,733.11901534544
30,1123.2382853100216
31,3858.5201308128812
32,787.7601942178262
33,1222.371676640264
34,4863.937455958065
35,1066.7554529229462
36,1567.779590821479
