Year,Sales(In ThousandDollars)
1,2451.64929288763
2,573.6816262898891
3,1104.5424699573623
4,2233.2799516247965
5,572.020242622208
6,1010.041669500161
7,3518.52464431845
8,671.3083241240877
9,1145.3006239290426
10,3690.258143669552
11,690.2960359274412
12,1083.2592152006025
13,3994.1142243113427
14,779.3907831415469
15,1154.6525822964186
16,3375.308743773476
17,724.5460893851142
18,1126.3979322188177
19,3073.136632463258
20,640.2831438302104
21,997.9874012100039
22,3329.339221724493
23,638.6141877134825
24,1091.3339663969143
25,3263.284190945203
26,684.2112824948119
27,1029.027990862404
28,3350.794455932655
29,744.4871354758807
30,1094.1734407535955
31,3660.339324434395
32,728.5067088586126
33,1165.4410650187208
34,4796.816748186909
35,1053.512556254327
36,1445.7118069862045
