Year,Sales(In ThousandDollars)
1,2397.2613636363635
2,575.2954545454545
3,1048.7897727272727
4,2827.806818181818
5,573.9545454545455
6,1071.840909090909
7,3587.1493506493503
8,680.4556818181819
9,1294.5113636363637
10,3855.4545454545455
11,723.1063852813853
12,1194.9977272727274
13,3969.1379870129867
14,773.8823051948052
15,1173.3784090909091
16,3395.9391233766232
17,691.4232142857144
18,1233.4575757575758
19,3270.9886363636365
20,673.25
21,1106.2386363636363
22,3451.8652597402597
23,655.5625
24,1248.7439393939394
25,3573.4171063311687
26,683.3064393939395
27,1054.9454545454546
28,3557.3931818181813
29,755.5000811688313
30,1042.2897727272727
31,3742.159090909091
32,784.5818181818181
33,1207.215909090909
34,4791.840909090909
35,1167.284090909091
36,1516.7727272727273
