Year,Sales(In ThousandDollars)
1,2521.7158503389546
2,474.61608301387975
3,1015.83275560892
4,2947.6732939916715
5,580.3894966069587
6,1042.5252175025907
7,3630.7310612606984
8,756.5394198156747
9,1262.1761660615969
10,3942.9715648510128
11,696.3033447662552
12,1181.5707050538595
13,3987.98109493092
14,817.9931276595975
15,1261.0316599046273
16,3436.2094016342835
17,725.5914463838985
18,1215.8286534564531
19,3237.748729829903
20,660.604172821106
21,1137.4741191991302
22,3532.033048228293
23,718.3529628977182
24,1215.5971501490606
25,3565.3758783197295
26,743.7242157612715
27,1118.8970054819954
28,3557.379427979805
29,727.2981328151627
30,1102.8470957996735
31,3830.7431984162545
32,746.3888541009303
33,1240.8133940253588
34,4860.585559031772
35,1111.2942228666116
36,1571.127157321589
